
PB0:*itens sem ano,6;2008,148;2009,162;2010,172;2011,211;2012,191;2013,18;
PB1:*itens sem ano,25;2008,11;2009,14;2010,21;2011,18;2012,11;2013,1;
PB2:2008,45;2009,43;2010,38;2011,48;2012,37;2013,1;
PB3:*itens sem ano,35;2008,28;2009,18;2010,25;2011,12;2012,6;
PB4:*itens sem ano,57;2008,536;2009,531;2010,555;2011,578;2012,492;2013,13;2088,1;
PB5:*itens sem ano,18;2008,123;2009,82;2010,148;2011,129;2012,92;2013,1;
PB6:*itens sem ano,26;2008,176;2009,166;2010,197;2011,185;2012,107;2013,8;
PB7:*itens sem ano,7;2008,1;2009,3;2010,7;2011,9;2012,45;2013,43;2014,1;
PB8:*itens sem ano,12;2008,245;2009,249;2010,263;2011,229;2012,170;
PB9:*itens sem ano,5;2008,69;2009,65;2010,59;2011,52;2012,26;2013,1;
PT1:*itens sem ano,4;2008,84;2009,67;2010,55;2011,44;2012,20;
PT2:2008,6;2009,1;2010,1;2011,1;
PT3:*itens sem ano,3;2008,3;2009,2;2010,6;2011,1;2012,1;
PT4:*itens sem ano,2;2008,272;2009,331;2010,281;2011,233;2012,229;2013,1;
PT5:*itens sem ano,1;2008,161;2009,171;2010,189;2011,125;2012,69;
PA0:2008,13;2009,9;2010,15;2011,29;2012,7;
PR0:2008,5;2010,5;
PR1:2008,1;2009,2;2010,11;2011,13;2012,2;
OA0:2010,4;2011,3;2012,9;
OA1:2008,20;2009,52;2010,62;2011,61;2012,50;2013,1;
OA2:2008,3;2009,8;2010,71;2011,112;2012,119;2013,2;
OA4:2010,2;2011,6;2012,53;2013,1;
OA5:*itens sem ano,8;2008,2;2009,2;2010,17;2011,59;2012,116;
OA6:2008,1;2009,2;2010,17;2011,13;2012,52;
OC0:2008,8;2009,8;2010,2;2011,7;2012,6;
OC1:2008,30;2009,38;2010,32;2011,21;2012,26;
OC2:2008,111;2009,108;2010,88;2011,92;2012,72;
OC3:2008,10;2009,19;2010,25;2011,40;2012,11;
OC4:2008,161;2009,140;2010,160;2011,132;2012,92;2013,1;
OC5:2008,156;2009,161;2010,168;2011,135;2012,47;
OC6:2008,108;2009,98;2010,85;2011,70;2012,18;
Pm:*itens sem ano,6;2008,137;2009,119;2010,117;2011,110;2012,82;
Pj:1991,1;1996,1;1997,1;1998,1;1999,2;2000,7;2001,15;2002,6;2003,11;2004,27;2005,44;2006,74;2007,142;2008,148;2009,171;2010,155;2011,126;2012,98;2013,6;
PB:*itens sem ano,191;2008,1382;2009,1333;2010,1485;2011,1471;2012,1177;2013,86;2014,1;2088,1;
PT:*itens sem ano,10;2008,526;2009,572;2010,532;2011,404;2012,319;2013,1;
PA:2008,13;2009,9;2010,15;2011,29;2012,7;
PR:2008,6;2009,2;2010,16;2011,13;2012,2;
OA:*itens sem ano,8;2008,26;2009,64;2010,173;2011,254;2012,399;2013,4;
OC:2008,320;2009,313;2010,307;2011,292;2012,207;2013,1;
Ep:*itens sem ano,47;2008,753;2009,696;2010,704;2011,557;2012,355;2013,6;
Eo:*itens sem ano,3;2008,133;2009,133;2010,112;2011,130;2012,115;2013,3;